111 x 3113010113

1171 71103381111 ο, 81111 771101110011130, -0111101111, ob. 8011111111

1070, 0 000, 011· 71, 000· ÷ -831130181010 1013100101 'romum

- 1 0130110101 0131810310301 6310] 8 81- 30813031010030 11011108 16. 113111 1868 80
ki 11013111 machin i 01113811101111013 w 7183101 1870, 308101 311101 111138 3183113
8018301. 1080101, 1868), w 401. 80 311808010101100163 11117 3110031 1310-

- 0130110101,103111311018131101111111310- 100000010 10800 7000101001, 00071010 0
10003 13108110100163 1 3311031103063 3 1101011111, 0 11010010 101101 1070, 0 100, 011·
1111111. ,1 ,01 1130. 101113, 11110113, 10· ÷÷÷
1871, 3 401, 111. 7.÷ - 701,110111087.1.1301 187080 750

0

- Tot, ,1 ,11 1111111111, 1111, w 400, 1110· 1071101103 prm· Ι0310 110001
nm. 3118010010, 01100103 01331010310111111330-

.. 701, 11101 1870, 3 401, 111. 4. ÷ fflssssiz ssgsszi?flfflss⁸{}?1.⁰{lssyssff¹ nt?

-801001030110131111010111118111 01111113- 3118Το311131131 31813, 81111 11. 1101111,
hmo] 1 00110033 111. 1 8118111011 3311111111 3101,111’. 16 111, ÷÷÷

331131111101110117811 ..311111111111310110.11

-1 0070110191 ,700110 17100001000080 301 7031113031 08031031 3 71100311 w
010111110010011111111080 011 11· ,1800001001 0010311183011871. 11303, 81111 001111111-
1000110 l· 01101010 1000 (110 0101010010 1 110 111030 1 0101111111, 1871, 3 400, atr. 04. ÷ †

0010001 (1707190001 - 11111111, od 10. 1131, 1110 do 10.

-1007000101 ’100110711οἓ 001110 11107· 18300 1878 3081110 311111 1111138 3183113 80
101110 1 111107 00 0110111111 7080 0 1· 1001 3118010010101100163 111711 31100111 1310·
110 18008101010011010000 0101000· 11111100, 1111811010 111301 103. 0811311111 we 1130310
(1101 11010010010, 1000, 0 000, 111· 00· ÷ d. 18. i 19. 18301 1878 3 1131111111 10010103

-1 0131110101 7031331131 11111113 po· 1110111111110111103118011031011080313.11363,
80111101, 11 0111313011 111 1113, 3 01 1 1111118103.3081303.,Ι. 831111031810111·
1113111 protokulnrnoj. 1010116111 , 1131Β 0- 1111,1878,3 400, 111. 31. ÷÷

11110111,1000,0 000, 111· 00· 10 011· ÷ -701,11010108 10111301 18788010.

- 701, 11101 1868. 0801311111 0130111· 18301 1874317111 111 31111101 1310318111ιί0
811111118010010038.1881301111118641.3 10301 1033131131 0811310111 w 7111103110
1111010800. 7011111131, 8101Δ.1,11101811, 1864, 8. 17. i 18. ,18301 1874. 1363, 1. 1313110-
3 801, 111. 86. (0811111 1 7101310111 303. 31 8111111111, 1874, 3 100, 111. 60. ÷ ÷

1011111· 0011000117180, Τ· 1111 - 701, 110111 08 10. 183101 1878 do 10.
- 701, 111011 1884, ob. 110111 11111. 18301 1876118. nn Χ.31111011113101118100111

-1 0131110101 10311131131 111111010-111- 1080110011171101 011071110001100010011·
,1013010030 prm rok 1866 1 13 1311111 17· 10· 1 10; 10Γο1 1070· Ι01011, 1· 0011110·
1866 080131100013101108101110 3111017031- 0111101111010, 07110 100, 111· 01· 4 ÷÷
1131131 8. 8. 11111 1868. (703. lit-hiat. V). - 1 0131100101 111103111130 08811110 703.
101131, 81111 8110170031, 3 801, atr. 16. ÷ 4 ÷ 318130310111130 11 ozas 08 0001111301 1870

... Ροᾱοὴῃίοξ Towmyfltwss higssomfflffifi. 110 101108 (11071708 1871. 11781107,07111111111π.,

1011011030 08 1307311101118668017311- 1071, 0 000, 111· 14· ÷

11111 1867, 0801311111 jak 331011 (70311111. -10130110101 70311131131311311101030
111. 71111131, 8131 bruci 1101130, 1867, 3 3ο 1130311, 08 01110 1131310011 1131130 3
8013111111, 0111011 21111Ιο Brun· ÷ 4 Sierpniu 1868 r. 80 1, 1871. 71363, 1872.

- 701, j. 3. 08 l. 1131011111 1869, 80 1. - z 0130110101 0110100103011 70311131131
1131111011 18701. 0801311111 01 01118101ιί3 3110101110·3’1831011101030 111803111110101
31001. 703111. 8. 881031 1870, (0110101111, z 3311133 3110883 311111010101103 11180. 10
171133). 101131, 1101101111 3101111 6 0311 18.114.1)0181.10..303108111 ,1111110130
ὲῗὲὲῗῖἄξ11113111182127113118.11711ἲί11 118111111οὲῗίἵῖ ’,1871111107
· 03111113, 1001113 1111411 ÷÷÷

- 701, Xte od 1. 1131011111 1870 80 130 - 1 0131180101 0110100103011 7031331131
1131011111187008013110111301108111111130111. K120201n0·jedwnbniczego i 118030101130, w
703. 8. 8. 01111 1870. Pam, 11101101. polu„ 1110311 3 r. 1868 . 3. m. 1 1. (1111103,
1870, w 800,111·. 10. ÷ ÷÷ 1869), w 800 111. 14. ÷

Γ 0131100111 7031331131 Pani 1111101111- -701,111011868. 7111111,811111011111,
811113. 0101101030 1 Paulo 811 1111031011 1870, 3 801111. 001 8. ÷ 4 ÷

0110 01301110311088.1813010111866, ,. ‘sog „13702,1(f2146w „ghhd Tou..
110 101017010101007111111011, 0101111110· 1131131, ’8101 Canu, 1870, ’w 801, atr. 23

3111111, 1867, 3 800, 111. 11. 4 i 1, ,ι

- 701, 08 8. 1. 81311011 1867, 80 81. -· 701, 3 1. 1871. 71011313 801, 111.
813010111868,111010,3 8011111. 181 181

 

